1.718536358811040373e+03	4.871616242038273592e-04
1.717718064401981565e+03	5.178476645435331482e-04
1.716899769992922984e+03	6.221802016985189532e-04
1.716081475583864176e+03	6.590034501061589611e-04
1.715263181174805368e+03	7.510615711252693893e-04
1.714444886765746560e+03	7.756104033970270817e-04
1.713626592356687979e+03	8.738057324840786677e-04
1.712808297947629171e+03	9.044917728237844567e-04
1.711990003538570363e+03	9.044917728237844567e-04
1.711171709129511783e+03	9.044917728237844567e-04
1.710353414720452975e+03	9.044917728237844567e-04
1.709535120311394166e+03	9.044917728237844567e-04
1.708716825902335358e+03	9.044917728237844567e-04
1.707898531493276778e+03	9.044917728237844567e-04
1.707080237084217970e+03	8.431196921443798176e-04
1.706261942675159162e+03	8.062964437367328707e-04
1.705443648266100581e+03	7.817476114649751784e-04
1.704625353857041773e+03	7.633359872611517050e-04
1.703807059447982965e+03	7.571987791932105472e-04
1.702988765038924384e+03	7.817476114649751784e-04
1.702170470629865576e+03	7.817476114649751784e-04
1.701352176220806768e+03	8.983545647558432989e-04
1.698569975230007003e+03	1.229763800424631126e-03
1.697751680820948422e+03	1.413880042462845044e-03
1.696933386411889614e+03	1.616407908704889373e-03
1.696115092002830806e+03	1.843484607218684457e-03
1.695296797593772226e+03	2.070561305732486479e-03
1.694478503184713418e+03	2.352872876857751983e-03
1.693660208775654610e+03	2.647458864118899802e-03
1.692841914366595802e+03	2.954319267515922998e-03
1.692023619957537221e+03	3.267316878980894290e-03
1.691205325548478413e+03	3.580314490445865583e-03
1.690387031139419605e+03	3.881037685774947621e-03
1.689568736730361024e+03	4.187898089171977756e-03
1.688750442321302216e+03	4.500895700636949048e-03
1.687932147912243408e+03	4.832304936305736875e-03
1.687113853503184828e+03	5.120753715498943537e-03
1.686295559094126020e+03	5.427614118895966733e-03
1.685477264685067212e+03	5.740611730360938025e-03
1.684658970276008404e+03	6.029060509554144687e-03
1.683840675866949823e+03	6.305234872611469032e-03
1.683022381457891015e+03	6.612095276008495698e-03
1.682204087048832207e+03	6.845309182590235408e-03
1.681385792639773626e+03	7.146032377919320916e-03
1.680567498230714818e+03	7.391520700636942942e-03
1.679749203821656010e+03	7.630871815286627280e-03
1.678930909412597430e+03	7.894771762208069310e-03
1.678112615003538622e+03	8.103436836518051328e-03
1.677294320594479814e+03	8.336650743099791039e-03
1.676476026185421006e+03	8.526904193205946114e-03
1.675657731776362425e+03	8.729432059447983505e-03
1.674839437367303617e+03	8.944234341825903212e-03
1.674021142958244809e+03	9.134487791932061757e-03
1.673202848549186228e+03	9.324741242038216832e-03
1.672384554140127420e+03	9.484308651804673057e-03
1.671566259731068612e+03	9.668424893842890444e-03
1.670747965322009804e+03	9.846403927813163204e-03
1.669929670912951224e+03	1.003052016985138059e-02
1.669111376503892416e+03	1.026987128450106493e-02
1.668293082094833608e+03	1.048467356687898464e-02
1.667474787685775027e+03	1.071788747346072088e-02
1.666656493276716219e+03	1.098792462845010753e-02
1.665838198867657411e+03	1.127637340764331420e-02
1.665019904458598830e+03	1.155868497876857970e-02
1.664131470528763430e+03	1.180241981346678848e-02
1.663419684280883757e+03	1.201965749587166621e-02
1.662565021231422406e+03	1.249154060509554201e-02
1.661746726822363826e+03	1.280453821656050983e-02
1.660928432413305018e+03	1.313594745222930113e-02
1.660110138004246210e+03	1.346735668789808896e-02
1.659291843595187629e+03	1.380490313163482141e-02
1.658426789505611168e+03	1.406003563845920415e-02
1.657655254777070013e+03	1.444930997876857706e-02
1.656864236848313340e+03	1.471320992569002256e-02
1.656018665958952624e+03	1.508757961783439849e-02
1.655254924510497858e+03	1.528090167197452415e-02
1.654382077140835008e+03	1.563992834394904718e-02
1.653563782731776428e+03	1.588541666666666921e-02
1.652745488322717620e+03	1.610021894904458892e-02
1.651927193913658812e+03	1.627206077494692052e-02
1.651108899504600231e+03	1.643162818471337674e-02
1.650290605095541423e+03	1.649913747346072254e-02
1.649472310686482615e+03	1.654823513800424487e-02
1.648654016277424034e+03	1.654209792993630718e-02
1.647835721868365226e+03	1.650527468152866370e-02
1.647017427459306418e+03	1.644390260084925559e-02
1.646199133050247610e+03	1.632729564755838747e-02
1.645380838641189030e+03	1.620455148619957819e-02
1.644562544232130222e+03	1.606953290870488660e-02
1.643744249823071414e+03	1.595292595541401154e-02
1.642925955414012833e+03	1.585473062632696689e-02
1.642107661004954025e+03	1.578722133757961762e-02
1.641289366595895217e+03	1.578722133757961762e-02
1.640471072186836409e+03	1.580563296178344110e-02
1.639652777777777828e+03	1.587314225053078343e-02
1.638834483368719020e+03	1.595906316348195617e-02
1.638016188959660212e+03	1.607567011677282429e-02
1.637197894550601632e+03	1.619227707006369588e-02
1.636379600141542824e+03	1.626592356687898283e-02
1.635561305732484016e+03	1.633957006369426979e-02
1.634743011323425435e+03	1.632729564755838747e-02
1.633924716914366627e+03	1.623523752653928051e-02
1.633106422505307819e+03	1.611249336518046776e-02
1.632288128096249011e+03	1.589155387473460690e-02
1.631469833687190430e+03	1.560310509554140024e-02
1.630596986317527808e+03	1.517861487084217961e-02
1.629869613509475585e+03	1.474048640599198018e-02
1.629158151981599531e+03	1.431045564623142224e-02
1.628396683573169867e+03	1.392560155697098595e-02
1.627669310765117643e+03	1.344826315168672071e-02
1.626957524517237971e+03	1.308684978768577534e-02
1.626489927712061444e+03	1.261779174249317431e-02
1.625803144904458577e+03	1.239641388004246447e-02
1.625189424097664642e+03	1.192461600981953307e-02
1.624493873849964530e+03	1.162926287154989607e-02
1.623880153043170594e+03	1.116513651141189112e-02
1.623184602795470710e+03	1.085827610801486445e-02
1.622608874229097182e+03	1.049607123900515859e-02
1.621875331740976662e+03	1.018318322054140301e-02
1.621261610934182499e+03	9.776593186040342942e-03
1.620504688605803267e+03	9.462061272558389829e-03
1.619813684438153587e+03	9.043111582920499575e-03
1.619093130750176897e+03	8.714089039278134080e-03
1.618517402183803370e+03	8.317362374886262677e-03
1.617783859695682850e+03	8.004474356422507098e-03
1.617208131129309550e+03	7.620350887170158211e-03
1.616413216560509454e+03	7.326641643918718749e-03
1.615722212392860001e+03	6.901907879216798852e-03
1.614967563104505871e+03	6.653009996461432124e-03
1.614121992215145156e+03	6.335920912951171352e-03
1.613303697806086348e+03	6.047472133757964691e-03
1.612485403397027540e+03	5.814258227176224980e-03
1.611667108987968732e+03	5.599455944798305274e-03
1.610848814578910151e+03	5.421476910828029044e-03
1.610030520169851343e+03	5.268046709129517446e-03
1.609212225760792535e+03	5.145302547770708168e-03
1.608393931351733954e+03	5.053244426751597740e-03
1.607575636942675146e+03	4.948911889596604996e-03
1.606757342533616338e+03	4.850716560509553410e-03
1.605939048124557758e+03	4.746384023354567605e-03
1.605120753715498950e+03	4.629777070063699485e-03
1.604302459306440142e+03	4.494758492569007891e-03
1.603484164897381561e+03	4.316779458598728192e-03
1.602665870488322753e+03	4.138800424628455432e-03
1.601847576079263945e+03	3.905586518046712252e-03
1.601029281670205137e+03	3.660098195329086757e-03
1.600210987261146556e+03	3.383923832271762411e-03
1.599392692852087748e+03	3.107749469214438065e-03
1.598574398443028940e+03	2.843849522292996035e-03
1.597756104033970360e+03	2.543126326963913997e-03
1.596937809624911552e+03	2.279226380042465028e-03
1.596119515215852743e+03	2.052149681528669944e-03
1.595301220806793935e+03	1.794386942675162133e-03
1.594482926397735355e+03	1.561173036093425892e-03
1.593664631988676547e+03	1.358645169851381562e-03
1.592846337579617739e+03	1.162254511677292268e-03
1.592028043170559158e+03	1.002687101910836043e-03
1.591209748761500350e+03	8.615313163481963521e-04
1.590391454352441542e+03	7.387871549893870737e-04
1.589573159943382962e+03	6.344546178344012688e-04
1.588754865534324153e+03	5.546709129511662173e-04
1.587936571125265345e+03	4.871616242038273592e-04
1.587118276716206765e+03	4.503383757961804124e-04
1.586299982307147957e+03	3.766918789808934576e-04
1.585481687898089149e+03	3.521430467091357652e-04
1.584663393489030341e+03	3.521430467091357652e-04
1.583845099079971760e+03	3.521430467091357652e-04
1.583026804670912952e+03	3.337314225053122918e-04
1.582208510261854144e+03	3.214570063694299762e-04
1.581390215852795336e+03	3.214570063694299762e-04
