1.718445240622788333e+03	4.747023809523812088e-04
1.717626946213729752e+03	5.725859788359780045e-04
1.716808651804670944e+03	6.337632275132260018e-04
1.715990357395612136e+03	7.194113756613731980e-04
1.715172062986553328e+03	8.111772486772486634e-04
1.714353768577494748e+03	8.540013227513257310e-04
1.713535474168435940e+03	9.151785714285737283e-04
1.712717179759377132e+03	9.824735449735499948e-04
1.711898885350318551e+03	1.006944444444449194e-03
1.711080590941259743e+03	1.006944444444449194e-03
1.710262296532200935e+03	1.006944444444449194e-03
1.709444002123142354e+03	1.006944444444449194e-03
1.708625707714083546e+03	1.006944444444449194e-03
1.707807413305024738e+03	1.006944444444449194e-03
1.706989118895965930e+03	1.006944444444449194e-03
1.706170824486907350e+03	1.006944444444449194e-03
1.705352530077848542e+03	1.019179894179898793e-03
1.704534235668789734e+03	1.086474867724868121e-03
1.703715941259731153e+03	1.166005291005293987e-03
1.702897646850672345e+03	1.306712962962960911e-03
1.702079352441613537e+03	1.447420634920641713e-03
1.701261058032554956e+03	1.637070105820107035e-03
1.700442763623496148e+03	1.838955026455028896e-03
1.699624469214437340e+03	2.102017195767198754e-03
1.698806174805378532e+03	2.328373015873019813e-03
1.697987880396319952e+03	2.603670634920639271e-03
1.697169585987261144e+03	2.885085978835980058e-03
1.696351291578202336e+03	3.135912698412700317e-03
1.695532997169143755e+03	3.411210317460312835e-03
1.694714702760084947e+03	3.674272486772489632e-03
1.693896408351026139e+03	3.906746031746032022e-03
1.693078113941967558e+03	4.120866402116403482e-03
1.692259819532908750e+03	4.310515873015875743e-03
1.691441525123849942e+03	4.487929894179891466e-03
1.690623230714791134e+03	4.653108465608464528e-03
1.689804936305732554e+03	4.799933862433866660e-03
1.688986641896673746e+03	4.977347883597882383e-03
1.688168347487614938e+03	5.130291005291005846e-03
1.687350053078556357e+03	5.313822751322749838e-03
1.686531758669497549e+03	5.503472222222222099e-03
1.685713464260438741e+03	5.705357142857143959e-03
1.684895169851380160e+03	5.980654761904763417e-03
1.684076875442321352e+03	6.292658730158728203e-03
1.683313133993866586e+03	6.584270282186950596e-03
1.682378914543524388e+03	6.967902612433862081e-03
1.681621992215145156e+03	7.317377645502644301e-03
1.680803697806086348e+03	7.809854497354495884e-03
1.679985403397027540e+03	8.314566798941797066e-03
1.679167108987968959e+03	8.785631613756613584e-03
1.678348814578910151e+03	9.268931878306879701e-03
1.677530520169851343e+03	9.724702380952379016e-03
1.676671311040339788e+03	1.024853257275132323e-02
1.675934846072186929e+03	1.062324322089946982e-02
1.675130189903279188e+03	1.105020943562610297e-02
1.674257342533616338e+03	1.143154761904761549e-02
1.673439048124557758e+03	1.170684523809523495e-02
1.672620753715498950e+03	1.195155423280423040e-02
1.671802459306440142e+03	1.214120370370370267e-02
1.670984164897381561e+03	1.229414682539682266e-02
1.670165870488322753e+03	1.242261904761904692e-02
1.669347576079263945e+03	1.256944444444444212e-02
1.668529281670205137e+03	1.275297619047618958e-02
1.667710987261146556e+03	1.296709656084656104e-02
1.666892692852087748e+03	1.320568783068782823e-02
1.666074398443028940e+03	1.352380952380952475e-02
1.665232724193711420e+03	1.380172902494331000e-02
1.664401440984509009e+03	1.419743900646678117e-02
1.663619515215852743e+03	1.464641203703703418e-02
1.662801220806794163e+03	1.517253637566137389e-02
1.661982926397735355e+03	1.575372023809523681e-02
1.661164631988676547e+03	1.631349206349206118e-02
1.660346337579617739e+03	1.691302910052909850e-02
1.659528043170559158e+03	1.747891865079364768e-02
1.658709748761500350e+03	1.800810185185184806e-02
1.657891454352441542e+03	1.850363756613756377e-02
1.657073159943382962e+03	1.895940806878306656e-02
1.656254865534324153e+03	1.941449882422104437e-02
1.655491124085869387e+03	1.985973324514990826e-02
1.654618276716206765e+03	2.025942460317459864e-02
1.653799982307147957e+03	2.053472222222221810e-02
1.652981687898089149e+03	2.073048941798941169e-02
1.652163393489030341e+03	2.088955026455026343e-02
1.651345099079971760e+03	2.097519841269841062e-02
1.650526804670912952e+03	2.095072751322751142e-02
1.649708510261854144e+03	2.081001984126983756e-02
1.648890215852795563e+03	2.063260582010581837e-02
1.648001781922960163e+03	2.022534013605441910e-02
1.647300386715195600e+03	1.992382369614512094e-02
1.646701278308563360e+03	1.944806134259258884e-02
1.646014495500960493e+03	1.918532690854119274e-02
1.645546898695783966e+03	1.866095049130762906e-02
1.644868883328278343e+03	1.837691326530612249e-02
1.644401286523101817e+03	1.781320861678004422e-02
1.643707684595423416e+03	1.753499779541446008e-02
1.643434919792403889e+03	1.694871582892415809e-02
1.642741317864725488e+03	1.667705971277399710e-02
1.642273721059549189e+03	1.609587585034013418e-02
1.641595705692043339e+03	1.572444255479969397e-02
1.641128108886866812e+03	1.514325869236583105e-02
1.640450093519360962e+03	1.480241402116401830e-02
1.639982496714184663e+03	1.425618858654572815e-02
1.639304481346678813e+03	1.397215136054421811e-02
1.638836884541502286e+03	1.347399376417233313e-02
1.638150101733899419e+03	1.322709986772486676e-02
1.637536380927105483e+03	1.280650628306878244e-02
1.636779458598726023e+03	1.263673941798941838e-02
1.635961164189667443e+03	1.230026455026455093e-02
1.635142869780608635e+03	1.198214285714285440e-02
1.634324575371549827e+03	1.165790343915344002e-02
1.633506280962491246e+03	1.137648809523809576e-02
1.632687986553432438e+03	1.110119047619047630e-02
1.631869692144373630e+03	1.083201058201058165e-02
1.631051397735314822e+03	1.054447751322751259e-02
1.630287656286860056e+03	1.017333553791887127e-02
1.629461568597715086e+03	9.812098450491309187e-03
1.628596514508138625e+03	9.571759259259259023e-03
1.627805496579381952e+03	9.230186287477955970e-03
1.626959925690021237e+03	8.966104497354496911e-03
1.626141631280962429e+03	8.654100529100528655e-03
1.625323336871903848e+03	8.391038359788358797e-03
1.624505042462845040e+03	8.103505291005289740e-03
1.623686748053786232e+03	7.822089947089945483e-03
1.622868453644727651e+03	7.589616402116403093e-03
1.622050159235668843e+03	7.320436507936508436e-03
1.621231864826610035e+03	7.106316137566136976e-03
1.620413570417551227e+03	6.843253968253967118e-03
1.619595276008492647e+03	6.598544973544971659e-03
1.618776981599433839e+03	6.384424603174603668e-03
1.617958687190375031e+03	6.176421957671957008e-03
1.617140392781316450e+03	5.950066137566139418e-03
1.616322098372257642e+03	5.729828042328043158e-03
1.615503803963198834e+03	5.509589947089950368e-03
1.614685509554140026e+03	5.319940476190478107e-03
1.613867215145081445e+03	5.130291005291005846e-03
1.613048920736022637e+03	4.922288359788362655e-03
1.612230626326963829e+03	4.695932539682534657e-03
1.611412331917905249e+03	4.463458994708992267e-03
1.610594037508846441e+03	4.243220899470899476e-03
1.609775743099787633e+03	3.998511904761907487e-03
1.608957448690729052e+03	3.710978835978838430e-03
1.608139154281670244e+03	3.454034391534389903e-03
1.607320859872611436e+03	3.166501322751320846e-03
1.606502565463552855e+03	2.885085978835980058e-03
1.605684271054494047e+03	2.560846560846562203e-03
1.604865976645435239e+03	2.261078042328043547e-03
1.604047682236376431e+03	1.979662698412695820e-03
1.603229387827317851e+03	1.686011904761905433e-03
1.602411093418259043e+03	1.429067460317463845e-03
1.601592799009200235e+03	1.184358465608464916e-03
1.601019992922859274e+03	1.037533068783069723e-03
1.598483280254777128e+03	5.419973544973574753e-04
1.597664985845718320e+03	4.563492063492102790e-04
1.596846691436659512e+03	4.196428571428545418e-04
1.596028397027600931e+03	3.278769841269860152e-04
1.595210102618542123e+03	3.034060846560868163e-04
1.594391808209483315e+03	3.034060846560868163e-04
1.593573513800424735e+03	3.034060846560868163e-04
1.592755219391365927e+03	3.034060846560868163e-04
1.591936924982307119e+03	3.034060846560868163e-04
1.591118630573248538e+03	3.034060846560868163e-04
1.590300336164189730e+03	3.034060846560868163e-04
1.589482041755130922e+03	3.034060846560868163e-04
1.588663747346072114e+03	3.034060846560868163e-04
1.587845452937013533e+03	3.034060846560868163e-04
1.587027158527954725e+03	3.034060846560868163e-04
1.586208864118895917e+03	3.034060846560868163e-04
1.585390569709837337e+03	3.034060846560868163e-04
1.584572275300778529e+03	3.034060846560868163e-04
1.583753980891719721e+03	3.034060846560868163e-04
1.582935686482660913e+03	3.034060846560868163e-04
1.582117392073602332e+03	2.911706349206372169e-04
1.581299097664543524e+03	2.728174603174593482e-04
